              precision    recall  f1-score   support

           0     0.9909    0.9949    0.9929       980
           1     0.9982    0.9938    0.9960      1135
           2     0.9923    0.9961    0.9942      1032
           3     0.9941    0.9960    0.9951      1010
           4     0.9969    0.9878    0.9923       982
           5     0.9899    0.9877    0.9888       892
           6     0.9885    0.9896    0.9890       958
           7     0.9941    0.9883    0.9912      1028
           8     0.9877    0.9887    0.9882       974
           9     0.9833    0.9931    0.9882      1009

    accuracy                         0.9917     10000
   macro avg     0.9916    0.9916    0.9916     10000
weighted avg     0.9917    0.9917    0.9917     10000
